	1.4440576923076924E7
10001	9558029.895977246
10002	2660579.9624081403
10003	4258471.413130862
10004	5431107.738498789
10005	3157413.3112320635
10006	2806454.480786416
10007	4555460.220232766
10009	3510333.5342163355
10010	3867356.258347979
10011	3060964.4283493133
10012	4311763.520862308
10013	2395922.456257677
10014	4294766.604385769
10016	2334086.3359502447
10017	6195389.857454546
10018	1.2909934142614601E7
10019	3756431.374298878
10020	1.1281693435897435E8
10021	4211363.32846223
10022	6576607.644394111
10023	2250899.739180794
10024	3106592.8983600307
10025	1623496.409224599
10026	891562.0613738738
10027	2928094.8375404533
10028	5867508.702231121
10029	2872139.8954372625
10030	1289604.8210093896
10031	1867980.596975089
10032	3359482.9953519255
10033	2293839.2635796973
10034	3618694.0265339967
10035	2071635.5330490405
10036	8192274.98970108
10037	3028510.5477707004
10038	3724029.7284251587
10039	1927327.5326560233
10040	3279611.579439252
10041	1.4258580040816326E7
10044	3578823.6047297297
10045	1.14772E8
10048	0.0
10055	6.0E8
10065	3924993.602739726
10069	893157.862854858
10075	2864318.073569482
10103	1.776756E8
10105	1.4650328575E8
10106	2.52147E8
10107	1.53761E8
10110	2.74888888E8
10112	1.3818392735849056E7
10115	1.30252E8
10118	9.20984E8
10119	8.762625E8
10120	1.02885E8
10121	1.42253E8
10122	1.34572E8
10123	5.3659666666666664E7
10128	2196323.488104145
10151	3.47142E8
10152	2.97006E8
10154	1.032973E9
10155	2.48222E8
10158	1.54497E8
10162	1.09229E8
10165	3.33689E8
10167	1.101088E9
10169	4.83537E8
10170	5.0123428571428575E7
10171	4.1649E8
10172	2.4165031888888888E7
10173	4.08924E8
10174	4.71828E8
10176	1.47183E8
10177	1.99514E8
10178	5.19777777E8
10179	5.55835E8
10271	1.3558233333333334E8
10278	2.10709E8
10279	7.2109E7
10280	868380.5179584121
10281	4.41615E8
10282	1.2504924772727273E7
10463	1641603.1393442622
12345	742000.0
